/* Cassette icon bitmap - 10x23 (90째 rotated) */
static const uint8_t s_icon_bitmap[SLIDING_ICON_HEIGHT][SLIDING_ICON_WIDTH] = {
  { 0,15,15,15,15,15,15,15,15,15,15,15,15,15,15,15,15,15,15,15,15,15, 0},
  {15,15,15,15,15,15,15,15,15,15,15,15,15,15,15,15,15,15,15,15,15,15,15},
  {15,15,15,15,15,15,15,15,15,15,15,15,15,15,15,15,15,15,15,15,15,15,15},
  {15,15,15,15,15, 0,15,15,15,15,15,15,15,15,15,15,15,15,15,15,15,15,15},
  {15,15,15,15, 0, 0, 0,15,15,15,15,15, 0, 0, 0, 0, 0, 0, 0,15,15,15,15},
  {15,15,15,15, 0, 0, 0,15,15,15,15,15, 0, 0, 0, 0, 0, 0, 0,15,15,15,15},
  {15,15,15,15,15, 0,15,15,15,15,15,15,15,15,15,15,15,15,15,15,15,15,15},
  {15,15,15,15,15,15,15,15,15,15,15,15,15,15,15,15,15,15,15,15,15,15,15},
  {15,15,15,15,15,15,15,15,15,15,15,15,15,15,15,15,15,15,15,15,15,15,15},
  { 0,15,15,15,15,15,15,15,15,15,15,15,15,15,15,15,15,15,15,15,15,15, 0}
};

